111111111111111111111111111111111111111111111111111111111111111111111111111111111111111111111111111111111111111111111111111111111111111111111111111111111111111111111111111111111111111111111111111111
111111111111111111111111111111111111111111111111111111111111111111111111111111111111111111111111111111111111111111111111111111111111111111111111111111111111111111111111111111111111111111111111111111
111100110011000000001100110011000000001100000011000011000011111100110000000011001100001111110011001100110011001111111100001100001111000000110011110000111100001100001100001111000011110000110011001111
111100110011000000001100110011000000001100000011000011000011111100110000000011001100001111110011001100110011001111111100001100001111000000110011110000111100001100001100001111000011110000110011001111
111100110011000000001100110011000000001100000011000011000011111100110000000011001100001111110011001100110011001111111100001100001111000000110011110000111100001100001100001111000011110000110011001111
111111111111111111111111111111111111111111111111111111111111111111111111111111111111111111111111111111111111111111111111111111111111111111111111111111111111111111111111111111111111111111111111111111
111111111111111111111111111111111111111111111111111111111111111111111111111111111111111111111111111
111111111111111111111111111111111111111111111111111111111111111111111111111111111111111111111111111
110101001000110011010001001101100111001010001001010101110110110111011110100011010111011010111101011
110101001000110011010001001101100111001010001001010101110110110111011110100011010111011010111101011
110101001000110011010001001101100111001010001001010101110110110111011110100011010111011010111101011
111111111111111111111111111111111111111111111111111111111111111111111111111111111111111111111111111111111111111111111111111111111111111111111111111111111111111111111111111111111111111111111111111111111111111111111111111111111111111111111111111111111111111111111111111111111111111111111111111111111
111111111111111111111111111111111111111111111111111111111111111111111111111111111111111111111111111111111111111111111111111111111111111111111111111111111111111111111111111111111111111111111111111111111111111111111111111111111111111111111111111111111111111111111111111111111111111111111111111111111
111111000111000111111111000000111000111111111000111000000111000000111111111000111111000000111111000111000000111111111000111000000000000111000111000111000111000111000111111111111000111111000111111111000000000111000111111000111000111111111111000000000111000111111000000111111000000111000111000111111
111111000111000111111111000000111000111111111000111000000111000000111111111000111111000000111111000111000000111111111000111000000000000111000111000111000111000111000111111111111000111111000111111111000000000111000111111000111000111111111111000000000111000111111000000111111000000111000111000111111
111111000111000111111111000000111000111111111000111000000111000000111111111000111111000000111111000111000000111111111000111000000000000111000111000111000111000111000111111111111000111111000111111111000000000111000111111000111000111111111111000000000111000111111000000111111000000111000111000111111
111111111111111111111111111111111111111111111111111111111111111111111111111111111111111111111111111111111111111111111111111111111111111111111111111111111111111111111111111111111111111111111111111111111111111111111111111111111111111111111111111111111111111111111111111111111111111111111111111111111

